Location: E004 52, N52 19
Zone:  2h East of Greenwich

       Jan.       Feb.       Mar.       Apr.       May        June       July       Aug.       Sept.      Oct.       Nov.       Dec.
Day Rise  Set  Rise  Set  Rise  Set  Rise  Set  Rise  Set  Rise  Set  Rise  Set  Rise  Set  Rise  Set  Rise  Set  Rise  Set  Rise  Set
     h m  h m   h m  h m   h m  h m   h m  h m   h m  h m   h m  h m   h m  h m   h m  h m   h m  h m   h m  h m   h m  h m   h m  h m
01  0950 1738  0922 1827  0827 1920  0715 2014  0610 2106  0525 2153  0523 2205  0601 2132  0652 2028  0741 1918  0836 1811  0927 1731
02  0950 1739  0920 1829  0825 1921  0713 2016  0608 2108  0524 2154  0524 2205  0602 2130  0653 2026  0743 1916  0838 1809  0929 1731
03  0950 1740  0918 1831  0822 1923  0711 2018  0606 2110  0523 2155  0525 2205  0604 2128  0655 2024  0745 1913  0840 1808  0930 1730
04  0950 1742  0917 1833  0820 1925  0708 2020  0604 2111  0523 2156  0525 2204  0606 2127  0657 2021  0747 1911  0842 1806  0932 1729
05  0949 1743  0915 1835  0818 1927  0706 2021  0602 2113  0522 2157  0526 2204  0607 2125  0658 2019  0748 1909  0843 1804  0933 1729
06  0949 1744  0913 1837  0816 1929  0704 2023  0601 2115  0521 2158  0527 2203  0609 2123  0700 2017  0750 1906  0845 1802  0934 1729
07  0949 1745  0911 1839  0813 1931  0701 2025  0559 2116  0521 2159  0528 2202  0610 2121  0702 2014  0752 1904  0847 1801  0936 1728
08  0948 1747  0910 1840  0811 1932  0659 2027  0557 2118  0520 2159  0529 2202  0612 2119  0703 2012  0753 1902  0849 1759  0937 1728
09  0947 1748  0908 1842  0809 1934  0657 2028  0555 2120  0520 2200  0530 2201  0614 2117  0705 2010  0755 1900  0851 1757  0938 1728
10  0947 1750  0906 1844  0807 1936  0655 2030  0554 2121  0519 2201  0531 2200  0615 2115  0706 2007  0757 1857  0853 1756  0939 1727
11  0946 1751  0904 1846  0804 1938  0652 2032  0552 2123  0519 2202  0532 2159  0617 2113  0708 2005  0759 1855  0854 1754  0940 1727
12  0946 1753  0902 1848  0802 1939  0650 2034  0550 2125  0519 2202  0533 2158  0619 2111  0710 2003  0800 1853  0856 1753  0941 1727
13  0945 1754  0900 1850  0800 1941  0648 2035  0549 2126  0518 2203  0534 2157  0620 2109  0711 2000  0802 1851  0858 1751  0942 1727
14  0944 1756  0858 1852  0757 1943  0646 2037  0547 2128  0518 2204  0536 2157  0622 2107  0713 1958  0804 1848  0900 1750  0943 1727
15  0943 1757  0856 1854  0755 1945  0643 2039  0545 2129  0518 2204  0537 2155  0624 2105  0715 1956  0806 1846  0901 1748  0944 1727
16  0942 1759  0854 1856  0753 1947  0641 2041  0544 2131  0518 2205  0538 2154  0625 2103  0716 1953  0807 1844  0903 1747  0945 1728
17  0941 1800  0852 1857  0750 1948  0639 2042  0542 2132  0518 2205  0539 2153  0627 2101  0718 1951  0809 1842  0905 1745  0945 1728
18  0940 1802  0850 1859  0748 1950  0637 2044  0541 2134  0518 2205  0541 2152  0628 2059  0720 1949  0811 1840  0907 1744  0946 1728
19  0939 1804  0848 1901  0746 1952  0635 2046  0540 2135  0518 2206  0542 2151  0630 2057  0721 1946  0813 1838  0908 1743  0947 1728
20  0938 1806  0846 1903  0743 1954  0633 2047  0538 2137  0518 2206  0543 2150  0632 2055  0723 1944  0814 1835  0910 1742  0947 1729
21  0937 1807  0844 1905  0741 1955  0630 2049  0537 2138  0518 2206  0545 2148  0633 2053  0725 1942  0816 1833  0912 1740  0948 1729
22  0936 1809  0842 1907  0739 1957  0628 2051  0536 2140  0519 2206  0546 2147  0635 2051  0726 1939  0818 1831  0913 1739  0948 1730
23  0934 1811  0840 1909  0736 1959  0626 2053  0534 2141  0519 2206  0548 2146  0637 2048  0728 1937  0820 1829  0915 1738  0949 1730
24  0933 1813  0838 1910  0734 2001  0624 2054  0533 2143  0519 2207  0549 2144  0638 2046  0730 1934  0822 1827  0917 1737  0949 1731
25  0932 1814  0836 1912  0732 2002  0622 2056  0532 2144  0520 2207  0550 2143  0640 2044  0731 1932  0823 1825  0918 1736  0950 1732
26  0931 1816  0833 1914  0729 2004  0620 2058  0531 2145  0520 2206  0552 2141  0642 2042  0733 1930  0825 1823  0920 1735  0950 1732
27  0929 1818  0831 1916  0727 2006  0618 2059  0530 2147  0521 2206  0553 2140  0643 2040  0735 1927  0827 1821  0922 1734  0950 1733
28  0928 1820  0829 1918  0725 2008  0616 2101  0529 2148  0521 2206  0555 2138  0645 2037  0736 1925  0829 1819  0923 1733  0950 1734
29  0926 1822             0722 2009  0614 2103  0528 2149  0522 2206  0556 2137  0647 2035  0738 1923  0831 1817  0925 1733  0950 1735
30  0925 1823             0720 2011  0612 2105  0527 2150  0522 2206  0558 2135  0648 2033  0740 1920  0832 1815  0926 1732  0950 1736
31  0923 1825             0718 2013             0526 2151             0559 2133  0650 2031             0834 1813             0950 1737
